Western	11803	4602	7492	114	195	038.99	063.48	000.97	001.65
Kadokawa Future Publishing	9915	5972	2967	1560	660	060.23	029.92	015.73	006.66
Mobile Games	8109	879	631	4840	3280	010.84	007.78	059.69	040.45
Shueisha	7237	2861	4439	81	294	039.53	061.34	001.12	004.06
Turn-Based RPGs	6265	526	468	3585	2858	008.40	007.47	057.22	045.62
Visual Novels	6186	995	417	3228	1901	016.08	006.74	052.18	030.73
Gacha Games	5830	674	342	4027	1832	011.56	005.87	069.07	031.42
Jump Magazines	5799	2101	3746	73	256	036.23	064.60	001.26	004.41
Bandai Namco	5229	2406	1868	1090	795	046.01	035.72	020.85	015.20
Webcomics	5143	2222	2966	33	53	043.20	057.67	000.64	001.03
Kodansha	5122	2615	2326	311	275	051.05	045.41	006.07	005.37
Kadokawa Shoten	4406	2535	1428	684	173	057.54	032.41	015.52	003.93
Indie Games	4323	72	36	2677	1998	001.67	000.83	061.92	046.22
Aniplex	4170	1648	1844	718	473	039.52	044.22	017.22	011.34
Weekly Shounen Jump	4086	1362	2795	28	99	033.33	068.40	000.69	002.42
Square Enix Holdings	3943	1592	1057	813	754	040.38	026.81	020.62	019.12
Hentai	3817	1561	508	1567	263	040.90	013.31	041.05	006.89
Eroge	3620	756	124	2375	510	020.88	003.43	065.61	014.09
Nintendo (Publisher)	3618	508	619	1420	1994	014.04	017.11	039.25	055.11
Harem	3523	2594	687	233	81	073.63	019.50	006.61	002.30
Ecchi	3420	2447	607	432	32	071.55	017.75	012.63	000.94
Toonami	3329	1107	2321	22	63	033.25	069.72	000.66	001.89
Shogakukan	3113	1387	1699	298	413	044.56	054.58	009.57	013.27
ASCII Media Works	3094	1716	753	884	285	055.46	024.34	028.57	009.21
Isekai	2836	1597	1057	209	119	056.31	037.27	007.37	004.20
Adult Swim	2830	959	1942	2	3	033.89	068.62	000.07	000.11
Nintendo	2659	223	267	1181	1675	008.39	010.04	044.42	062.99
Horror Genre	2593	700	767	643	713	027.00	029.58	024.80	027.50
Lantis	2529	1505	1000	224	133	059.51	039.54	008.86	005.26
Comics	2446	1040	1440	14	35	042.52	058.87	000.57	001.43
Gangan Comics	2434	1428	993	48	42	058.67	040.80	001.97	001.73
The Walt Disney Company	2395	907	1358	64	158	037.87	056.70	002.67	006.60
Superheroes	2305	885	1413	20	67	038.39	061.30	000.87	002.91
Live-Action	2294	728	1609	18	13	031.73	070.14	000.78	000.57
Fuji TV	2157	840	1352	7	15	038.94	062.68	000.32	000.70
Warner Bros.	2152	792	1319	65	54	036.80	061.29	003.02	002.51
Action Roleplaying Games	2137	105	136	1049	1180	004.91	006.36	049.09	055.22
Boys' Love	2065	101	1346	97	541	004.89	065.18	004.70	026.20
Mainichi Broadcasting System	1921	841	1104	64	59	043.78	057.47	003.33	003.07
Western Indie Games	1910	7	15	1078	1011	000.37	000.79	056.44	052.93
Disturbing Imagery	1881	447	489	602	558	023.76	026.00	032.00	029.67
Toei Animation	1796	612	1191	40	111	034.08	066.31	002.23	006.18
Sports Animanga	1775	650	1112	132	168	036.62	062.65	007.44	009.46
LINE Corporation	1770	728	1009	70	51	041.13	057.01	003.95	002.88
A-1 Pictures	1710	679	680	440	250	039.71	039.77	025.73	014.62
Virtual Music	1689	826	664	597	401	048.90	039.31	035.35	023.74
Strategy Games	1683	62	38	875	809	003.68	002.26	051.99	048.07
SEGA	1674	294	263	768	811	017.56	015.71	045.88	048.45
Mecha	1622	721	744	149	69	044.45	045.87	009.19	004.25
Idols	1586	780	480	777	361	049.18	030.26	048.99	022.76
IG Port	1586	694	861	96	85	043.76	054.29	006.05	005.36
Platformer Games	1560	22	57	665	1042	001.41	003.65	042.63	066.79
Media Factory	1536	1036	505	57	31	067.45	032.88	003.71	002.02
Browser Games	1468	107	85	1015	460	007.29	005.79	069.14	031.34
YouTube	1424	766	701	17	10	053.79	049.23	001.19	000.70
Literature	1396	564	833	28	41	040.40	059.67	002.01	002.94
Sotsu	1391	879	485	53	34	063.19	034.87	003.81	002.44
Trading Card Games	1385	416	493	684	550	030.04	035.60	049.39	039.71
Real Life People	1378	385	997	0	20	027.94	072.35	000.00	001.45
Rhythm Games	1373	374	272	794	565	027.24	019.81	057.83	041.15
Netflix Originals	1347	518	828	35	49	038.46	061.47	002.60	003.64
Square Enix	1345	58	23	641	728	004.31	001.71	047.66	054.13
Shooter Games	1306	15	25	526	821	001.15	001.91	040.28	062.86
J.C.Staff	1305	773	488	95	40	059.23	037.39	007.28	003.07
Mahou Shoujo	1290	903	313	145	6	070.00	024.26	011.24	000.47
Cartoon Network	1288	430	875	13	15	033.39	067.93	001.01	001.16
Simulation Games	1288	176	18	712	570	013.66	001.40	055.28	044.25
Bandai Namco Games	1275	227	168	684	613	017.80	013.18	053.65	048.08
Otome Games	1275	32	222	118	1000	002.51	017.41	009.25	078.43
Girls' Love	1258	943	48	244	38	074.96	003.82	019.40	003.02
Webmanga	1206	742	422	38	38	061.53	034.99	003.15	003.15
OLM	1199	426	691	173	397	035.53	057.63	014.43	033.11
MMORPG	1185	56	63	604	602	004.73	005.32	050.97	050.80
Studio Pierrot	1175	421	749	39	31	035.83	063.74	003.32	002.64
TokyoPop	1167	549	637	17	21	047.04	054.58	001.46	001.80
Madhouse	1160	518	638	45	14	044.66	055.00	003.88	001.21
Weekly Shounen Magazine	1149	509	658	0	0	044.30	057.27	000.00	000.00
Seven Seas Entertainment	1145	807	349	18	3	070.48	030.48	001.57	000.26
Enterbrain	1141	322	177	668	167	028.22	015.51	058.55	014.64
Sunrise	1130	537	616	94	57	047.52	054.51	008.32	005.04
Gijinka	1115	343	155	632	244	030.76	013.90	056.68	021.88
ViacomCBS	1089	363	732	0	3	033.33	067.22	000.00	000.28
Cygames	1077	313	48	728	282	029.06	004.46	067.60	026.18
Yōkai	1051	345	417	319	156	032.83	039.68	030.35	014.84
KONAMI	1030	172	374	410	472	016.70	036.31	039.81	045.83
Side-scrolling Games	1020	21	45	454	650	002.06	004.41	044.51	063.73
Production I.G	1005	308	663	45	79	030.65	065.97	004.48	007.86
Cygames Games	999	257	25	710	282	025.73	002.50	071.07	028.23
Pokémon	970	479	542	302	342	049.38	055.88	031.13	035.26
Fighting Games	957	31	21	460	543	003.24	002.19	048.07	056.74
Arcade Games	953	172	80	473	488	018.05	008.39	049.63	051.21
Dengeki G's Comic	952	402	120	459	181	042.23	012.61	048.21	019.01
Capcom	932	66	120	333	599	007.08	012.88	035.73	064.27
Genco	922	676	223	49	18	073.32	024.19	005.31	001.95
TMS Entertainment	919	389	541	48	18	042.33	058.87	005.22	001.96
ATLUS	909	105	107	457	468	011.55	011.77	050.28	051.49
Toys	895	299	503	50	104	033.41	056.20	005.59	011.62
IDW Publishing	889	242	482	102	136	027.22	054.22	011.47	015.30
Weekly Shounen Sunday	888	424	471	1	1	047.75	053.04	000.11	000.11
RPG Maker Games	865	26	27	540	347	003.01	003.12	062.43	040.12
Magic Capsule	857	524	322	51	9	061.14	037.57	005.95	001.05
Dengeki Bunko	846	599	262	12	2	070.80	030.97	001.42	000.24
Musicians	843	314	535	0	0	037.25	063.46	000.00	000.00
Studio Deen	835	348	477	12	30	041.68	057.13	001.44	003.59
Tōhō Co., Ltd.	834	300	547	0	4	035.97	065.59	000.00	000.48
Syosetsuka ni Narou	828	527	308	0	0	063.65	037.20	000.00	000.00
Intelligent Systems	818	0	0	345	491	000.00	000.00	042.18	060.02
Tensei	806	415	404	18	47	051.49	050.12	002.23	005.83
Bones	794	315	485	30	25	039.67	061.08	003.78	003.15
Marvel Multiverse	782	358	431	14	13	045.78	055.12	001.79	001.66
First-person Shooter Games	755	8	23	290	488	001.06	003.05	038.41	064.64
YouTubers	750	490	269	0	1	065.33	035.87	000.00	000.13
KakaoPage	748	307	444	0	0	041.04	059.36	000.00	000.00
Akita Shoten	730	410	323	3	1	056.16	044.25	000.41	000.14
CloverWorks	707	266	253	154	147	037.62	035.79	021.78	020.79
Fire Emblem	682	0	0	288	401	000.00	000.00	042.23	058.80
Hakusensha	677	303	383	7	36	044.76	056.57	001.03	005.32
Legacy Content	670	0	0	616	55	000.00	000.00	091.94	008.21
Dating Sims	665	74	11	312	346	011.13	001.65	046.92	052.03
Western Erotic Games	665	1	1	555	117	000.15	000.15	083.46	017.59
Monster Girls	645	302	31	273	63	046.82	004.81	042.33	009.77
DC Multiverse	636	246	396	3	5	038.68	062.26	000.47	000.79
Incest & NBR	634	319	114	168	40	050.32	017.98	026.50	006.31
LGBT+ Themes	631	314	254	50	55	049.76	040.25	007.92	008.72
Comp Ace	627	425	114	80	26	067.78	018.18	012.76	004.15
Houbunsha	611	449	54	127	2	073.49	008.84	020.79	000.33
Bushiroad	596	267	207	282	77	044.80	034.73	047.32	012.92
Virtual YouTubers	591	491	118	13	1	083.08	019.97	002.20	000.17
4-koma	589	479	111	7	1	081.32	018.85	001.19	000.17
TYPE-MOON	586	198	150	213	191	033.79	025.60	036.35	032.59
MAPPA	585	229	318	51	17	039.15	054.36	008.72	002.91
Shounen Ace	583	349	223	31	20	059.86	038.25	005.32	003.43
Adult Cartoons	575	174	409	0	0	030.26	071.13	000.00	000.00
Silver Link	575	421	130	88	14	073.22	022.61	015.30	002.43
Sony (Publisher)	573	17	39	223	335	002.97	006.81	038.92	058.46
Tabletop Games	572	120	161	324	286	020.98	028.15	056.64	050.00
20th Century Fox	570	161	362	20	31	028.25	063.51	003.51	005.44
Shounen Gangan	564	350	214	15	9	062.06	037.94	002.66	001.60
GFantasy	561	206	329	20	27	036.72	058.65	003.57	004.81
Furry	559	53	84	67	369	009.48	015.03	011.99	066.01
Satelight	557	274	258	38	15	049.19	046.32	006.82	002.69
Pokémon Games	555	211	239	301	341	038.02	043.06	054.23	061.44
Sitcoms	553	183	375	0	0	033.09	067.81	000.00	000.00
MangaGamer	551	120	44	339	73	021.78	007.99	061.52	013.25
Third-person Shooter Games	547	2	2	230	338	000.37	000.37	042.05	061.79
Final Fantasy	543	5	10	236	313	000.92	001.84	043.46	057.64
Lerche	540	333	153	70	32	061.67	028.33	012.96	005.93
Lezhin Comics	539	187	355	0	0	034.69	065.86	000.00	000.00
Dead Games	538	40	4	422	125	007.43	000.74	078.44	023.23
Bullet Hell	536	54	8	423	207	010.07	001.49	078.92	038.62
MOBA Games	533	5	6	266	279	000.94	001.13	049.91	052.35
Diomedéa	532	207	90	292	3	038.91	016.92	054.89	000.56
Xebec	531	335	152	63	67	063.09	028.63	011.86	012.62
Brain's Base	526	225	286	18	20	042.78	054.37	003.42	003.80
Dengeki Daioh	517	338	114	78	23	065.38	022.05	015.09	004.45
Yu-Gi-Oh!	517	140	255	240	233	027.08	049.32	046.42	045.07
Weekly Young Jump	516	242	279	8	5	046.90	054.07	001.55	000.97
Canadian Media	511	121	224	94	107	023.68	043.84	018.40	020.94
Shoot 'em Ups	511	54	8	413	170	010.57	001.57	080.82	033.27
Gallop	508	124	402	39	97	024.41	079.13	007.68	019.09
Fate	506	161	126	191	176	031.82	024.90	037.75	034.78
Idea Factory	506	55	73	240	195	010.87	014.43	047.43	038.54
Gonzo	491	284	193	23	8	057.84	039.31	004.68	001.63
Shaft	491	292	121	111	10	059.47	024.64	022.61	002.04
Nickelodeon	484	179	305	0	3	036.98	063.02	000.00	000.62
Tapas	480	215	271	0	0	044.79	056.46	000.00	000.00
Jump Square	479	152	299	2	101	031.73	062.42	000.42	021.09
Megami Tensei	478	77	96	219	274	016.11	020.08	045.82	057.32
Manga Time Kirara	468	387	46	38	1	082.69	009.83	008.12	000.21
Activision Blizzard	467	4	5	153	321	000.86	001.07	032.76	068.74
NBCUniversal	466	126	342	1	0	027.04	073.39	000.21	000.00
Marvelous	461	64	24	316	146	013.88	005.21	068.55	031.67
DMM Games	459	58	0	458	1	012.64	000.00	099.78	000.22
Game Freak	450	201	231	248	274	044.67	051.33	055.11	060.89
NEXON	447	60	9	337	129	013.42	002.01	075.39	028.86
Pokémon Core Games	447	201	231	246	273	044.97	051.68	055.03	061.07
Puzzle Games	444	22	17	242	232	004.95	003.83	054.50	052.25
Young Gangan	442	302	144	0	0	068.33	032.58	000.00	000.00
French Media	440	174	242	28	51	039.55	055.00	006.36	011.59
Takara Tomy	435	148	287	97	23	034.02	065.98	022.30	005.29
Eromanhwa	431	209	223	0	0	048.49	051.74	000.00	000.00
Hasbro	420	125	295	7	8	029.76	070.24	001.67	001.90
Asahi Production	417	22	53	333	18	005.28	012.71	079.86	004.32
Gangan Online	416	240	156	11	17	057.69	037.50	002.64	004.09
Fujimi Shobo	411	315	91	21	14	076.64	022.14	005.11	003.41
Doga Kobo	410	235	144	17	103	057.32	035.12	004.15	025.12
Tencent Holdings Ltd.	410	159	167	62	25	038.78	040.73	015.12	006.10
Ubisoft	405	0	4	164	252	000.00	000.99	040.49	062.22
Electronic Arts	392	23	73	127	196	005.87	018.62	032.40	050.00
Gangan Joker	390	240	127	24	23	061.54	032.56	006.15	005.90
Koei Tecmo	389	16	11	236	156	004.11	002.83	060.67	040.10
4Kids Entertainment	385	206	276	33	74	053.51	071.69	008.57	019.22
Level-5	385	63	218	97	270	016.36	056.62	025.19	070.13
David Production	383	113	258	38	62	029.50	067.36	009.92	016.19
Raising Sims	378	215	56	303	60	056.88	014.81	080.16	015.87
gumi Inc.	377	0	0	286	92	000.00	000.00	075.86	024.40
Wit Studio	374	172	178	80	7	045.99	047.59	021.39	001.87
Dress-Up Games	372	8	3	83	280	002.15	000.81	022.31	075.27
One Piece Series	371	118	263	0	1	031.81	070.89	000.00	000.27
P.A.Works	371	206	125	91	57	055.53	033.69	024.53	015.36
Tokusatsu	370	93	288	1	3	025.14	077.84	000.27	000.81
White Fox	369	208	168	10	11	056.37	045.53	002.71	002.98
DreamWorks Pictures	368	97	270	0	4	026.36	073.37	000.00	001.09
Young Ace	367	177	185	29	25	048.23	050.41	007.90	006.81
Kyoto Animation	366	243	123	1	2	066.39	033.61	000.27	000.55
Dark Horse Comics	365	144	228	0	1	039.45	062.47	000.00	000.27
Akira Toriyama's Art	363	61	182	54	97	016.80	050.14	014.88	026.72
V Jump	358	125	238	44	96	034.92	066.48	012.29	026.82
Walt Disney Animation Studios	356	122	238	1	2	034.27	066.85	000.28	000.56
Disney Channel	353	183	195	0	0	051.84	055.24	000.00	000.00
Sports Games	353	117	136	158	185	033.14	038.53	044.76	052.41
Otomate	350	24	95	32	224	006.86	027.14	009.14	064.00
Tappytoon	345	129	216	0	0	037.39	062.61	000.00	000.00
Sengoku Period Fiction	344	75	99	101	127	021.80	028.78	029.36	036.92
Pokémon Anime	343	240	257	0	1	069.97	074.93	000.00	000.29
SUNBORN Network Technology Co., Ltd.	338	1	0	332	5	000.30	000.00	098.22	001.48
3D Adult Games	337	5	0	323	15	001.48	000.00	095.85	004.45
Dungeon Crawlers	334	2	0	198	170	000.60	000.00	059.28	050.90
Sekai Project	333	23	11	251	49	006.91	003.30	075.38	014.71
Seikaisha	332	64	57	149	136	019.28	017.17	044.88	040.96
Hideo Minaba's Art	331	24	10	200	136	007.25	003.02	060.42	041.09
Hack 'n Slash Games	326	8	20	137	205	002.45	006.13	042.02	062.88
Gagaga Bunko	325	220	109	0	0	067.69	033.54	000.00	000.00
Memes	323	205	181	24	38	063.47	056.04	007.43	011.76
The iDOLM@STER Series	323	187	52	244	49	057.89	016.10	075.54	015.17
Isekai Quartet	322	174	154	0	0	054.04	047.83	000.00	000.00
Big Gangan	321	169	131	12	17	052.65	040.81	003.74	005.30
Nippon Ichi Software	321	24	27	187	127	007.48	008.41	058.26	039.56
Shipgirls	321	77	3	298	1	023.99	000.93	092.83	000.31
Mag Garden	318	169	154	0	0	053.14	048.43	000.00	000.00
Avex Entertainment	313	135	141	16	26	043.13	045.05	005.11	008.31
Bakumatsu Fiction	312	83	211	0	28	026.60	067.63	000.00	008.97
Killing Games	309	84	95	89	98	027.18	030.74	028.80	031.72
Beat 'em Up Games	304	37	10	148	159	012.17	003.29	048.68	052.30
Spike Chunsoft	304	69	44	137	145	022.70	014.47	045.07	047.70
Education	290	94	181	11	20	032.41	062.41	003.79	006.90
nitroplus	290	112	92	49	59	038.62	031.72	016.90	020.34
Super Mario	289	2	4	119	212	000.69	001.38	041.18	073.36
Weekly Shounen Champion	288	120	169	0	0	041.67	058.68	000.00	000.00
AIC	287	218	76	2	1	075.96	026.48	000.70	000.35
Fanworks	287	78	40	110	74	027.18	013.94	038.33	025.78
Star Wars Series	281	65	150	25	43	023.13	053.38	008.90	015.30
Ultra Jump	280	140	145	0	0	050.00	051.79	000.00	000.00
MAGES. Inc.	279	70	34	149	63	025.09	012.19	053.41	022.58
Animal Crossing	278	0	0	115	165	000.00	000.00	041.37	059.35
Mascots	277	124	163	19	13	044.77	058.84	006.86	004.69
Mega Man Series	277	27	59	55	220	009.75	021.30	019.86	079.42
Otome-Based Stories	277	124	153	0	0	044.77	055.23	000.00	000.00
Shotacon and Lolicon	273	117	25	133	12	042.86	009.16	048.72	004.40
Chinese Animation	271	107	169	0	0	039.48	062.36	000.00	000.00
Hiro Mashima's Works	271	114	164	0	0	042.07	060.52	000.00	000.00
Miscellaneous Eastern	271	51	72	98	58	018.82	026.57	036.16	021.40
LIDENFILMS	269	144	125	17	10	053.53	046.47	006.32	003.72
Roguelike Games	269	0	0	159	140	000.00	000.00	059.11	052.04
Universal Pictures	266	95	171	2	2	035.71	064.29	000.75	000.75
Dragon Ball Series	265	57	181	13	37	021.51	068.30	004.91	013.96
Futabasha	265	163	103	0	0	061.51	038.87	000.00	000.00
Crunchyroll Originals	263	109	158	0	0	041.44	060.08	000.00	000.00
PLAYISM	261	4	4	139	130	001.53	001.53	053.26	049.81
Gintama Series	257	79	181	0	0	030.74	070.43	000.00	000.00
K-Pop	257	144	113	0	0	056.03	043.97	000.00	000.00
Microsoft (Publisher)	256	6	5	99	164	002.34	001.95	038.67	064.06
Nakayoshi	253	164	107	1	0	064.82	042.29	000.40	000.00
Nihon Falcom	252	5	10	134	121	001.98	003.97	053.17	048.02
ufotable	251	89	110	50	50	035.46	043.82	019.92	019.92
Lasengle	250	30	21	137	126	012.00	008.40	054.80	050.40
Compile Heart	248	36	10	212	22	014.52	004.03	085.48	008.87
Sony	247	3	3	103	165	001.21	001.21	041.70	066.80
Vocaloid Song Series	247	121	116	9	8	048.99	046.96	003.64	003.24
Yusuke Kozaki's Art	246	7	5	116	122	002.85	002.03	047.15	049.59
Kaiju	245	118	164	2	3	048.16	066.94	000.82	001.22
Shounen Sirius	245	129	119	0	0	052.65	048.57	000.00	000.00
Suzuhito Yasuda's Art	245	120	93	28	39	048.98	037.96	011.43	015.92
Blizzard Entertainment	241	3	3	93	152	001.24	001.24	038.59	063.07
Gainax	240	160	99	2	1	066.67	041.25	000.83	000.42
Activision	236	1	3	65	174	000.42	001.27	027.54	073.73
T-Rex	236	211	2	22	1	089.41	000.85	009.32	000.42
Nippon Animation	235	87	151	0	0	037.02	064.26	000.00	000.00
ComicWalker	234	184	52	18	0	078.63	022.22	007.69	000.00
Dungeons & Dragons Genre	233	95	137	14	6	040.77	058.80	006.01	002.58
Nutaku	233	0	0	210	24	000.00	000.00	090.13	010.30
Afternoon	232	136	126	0	0	058.62	054.31	000.00	000.00
Naruto Series	229	73	161	0	1	031.88	070.31	000.00	000.44
JAST USA	228	33	12	154	31	014.47	005.26	067.54	013.60
d-rights	225	65	166	0	1	028.89	073.78	000.00	000.44
Eight Bit	224	119	92	16	9	053.13	041.07	007.14	004.02
Hana to Yume	224	85	140	1	6	037.95	062.50	000.45	002.68
Brazilian Media	222	65	138	11	13	029.28	062.16	004.95	005.86
Frontier Works	222	87	121	27	9	039.19	054.50	012.16	004.05
Monolith Soft	221	0	0	98	128	000.00	000.00	044.34	057.92
Disneytoon Studios	219	74	146	1	0	033.79	066.67	000.46	000.00
Hirohiko Araki's Works	219	54	174	0	1	024.66	079.45	000.00	000.46
Bands	218	22	198	0	0	010.09	090.83	000.00	000.00
JoJo's Bizarre Adventure	217	53	173	0	1	024.42	079.72	000.00	000.46
Telecom Animation Film	217	111	109	31	4	051.15	050.23	014.29	001.84
Fairy Tail Series	215	89	132	0	0	041.40	061.40	000.00	000.00
Inazuma Eleven Series	215	44	167	39	161	020.47	077.67	018.14	074.88
SNK Corporation	215	1	1	86	133	000.47	000.47	040.00	061.86
Solo Musicians	215	84	135	0	0	039.07	062.79	000.00	000.00
Riot Games	214	7	10	86	126	003.27	004.67	040.19	058.88
Lifewonders	212	0	0	27	190	000.00	000.00	012.74	089.62
Pink Pineapple	212	180	6	36	2	084.91	002.83	016.98	000.94
Kerokero Ace	211	62	89	32	34	029.38	042.18	015.17	016.11
Tite Kubo's Works	209	70	142	1	0	033.49	067.94	000.48	000.00
Bleach Series	208	69	141	1	1	033.17	067.79	000.48	000.48
miHoYo	207	28	10	132	66	013.53	004.83	063.77	031.88
SynergySP	207	81	126	2	3	039.13	060.87	000.97	001.45
Arc System Works	206	26	33	109	76	012.62	016.02	052.91	036.89
Podcasts	206	79	140	0	0	038.35	067.96	000.00	000.00
Shin'ichiro Otsuka's Art	206	86	89	32	13	041.75	043.20	015.53	006.31
Shounen Jump+ Originals	206	131	84	0	0	063.59	040.78	000.00	000.00
Bessatsu Shounen Magazine	205	100	108	0	0	048.78	052.68	000.00	000.00
Rumiko Takahashi's Works	205	91	115	0	0	044.39	056.10	000.00	000.00
The Legend of Zelda	205	3	5	88	129	001.46	002.44	042.93	062.93
Touhou Project Universe	204	72	3	185	11	035.29	001.47	090.69	005.39
Gundam	203	104	101	0	0	051.23	049.75	000.00	000.00
Watanabe Akio's Art	203	131	45	37	3	064.53	022.17	018.23	001.48
Digimon	201	50	120	29	49	024.88	059.70	014.43	024.38
Tencent Manhua	201	117	82	0	2	058.21	040.80	000.00	001.00
Kinema Citrus	200	122	74	3	9	061.00	037.00	001.50	004.50
Passione	200	145	54	5	0	072.50	027.00	002.50	000.00
Ace Attorney	199	19	22	78	119	009.55	011.06	039.20	059.80
AliceSoft	199	17	2	156	39	008.54	001.01	078.39	019.60
Denpasoft	198	24	6	151	18	012.12	003.03	076.26	009.09
Nisio Isin's Works	198	118	84	0	0	059.60	042.42	000.00	000.00
Persona	198	55	58	99	97	027.78	029.29	050.00	048.99
Tales of Series	198	16	24	91	108	008.08	012.12	045.96	054.55
Dragon Ball Anime	196	46	154	0	0	023.47	078.57	000.00	000.00
Seven Arcs	196	163	34	1	0	083.16	017.35	000.51	000.00
Transformers Series	196	27	169	0	0	013.78	086.22	000.00	000.00
Feel. Inc.	194	141	43	16	7	072.68	022.16	008.25	003.61
Kazuma Kamachi's Works	192	149	48	2	0	077.60	025.00	001.04	000.00
Bethesda	190	0	0	89	133	000.00	000.00	046.84	070.00
Boku no Hero Academia Series	190	61	126	2	2	032.11	066.32	001.05	001.05
Cooking Genre	190	79	91	11	12	041.58	047.89	005.79	006.32
FromSoftware	190	0	0	74	131	000.00	000.00	038.95	068.95
Live-Action Horror	189	72	121	4	4	038.10	064.02	002.12	002.12
Okegom	188	48	64	52	33	025.53	034.04	027.66	017.55
Dangan Fangan Bundgan	187	51	53	63	78	027.27	028.34	033.69	041.71
Disney Games	186	1	0	58	141	000.54	000.00	031.18	075.81
Hidari's Art	186	88	42	46	39	047.31	022.58	024.73	020.97
Tokuma Shoten	186	65	122	0	0	034.95	065.59	000.00	000.00
Rooster Teeth	185	71	117	0	0	038.38	063.24	000.00	000.00
DreamWorks Animation	183	66	120	0	1	036.07	065.57	000.00	000.55
Kouhei Horikoshi's Works	183	59	125	0	0	032.24	068.31	000.00	000.00
Yoshihiro Togashi's Works	183	57	128	0	0	031.15	069.95	000.00	000.00
Hobby Japan	182	161	21	0	0	088.46	011.54	000.00	000.00
Trigger	182	100	84	0	0	054.95	046.15	000.00	000.00
NTR	181	112	8	61	7	061.88	004.42	033.70	003.87
Takeshobo	181	110	78	0	0	060.77	043.09	000.00	000.00
Genderbender	180	111	81	10	2	061.67	045.00	005.56	001.11
IRL Sports	180	13	167	0	1	007.22	092.78	000.00	000.56
Tatsunoko Production	180	94	91	40	16	052.22	050.56	022.22	008.89
Andrew Hussie's Works	179	49	86	30	26	027.37	048.04	016.76	014.53
CLAMP	179	97	100	0	4	054.19	055.87	000.00	002.23
Voice Synthesizers	176	119	61	16	2	067.61	034.66	009.09	001.14
Xeno Series	176	0	0	78	102	000.00	000.00	044.32	057.95
Music Videos	175	89	94	0	0	050.86	053.71	000.00	000.00
Shouzou Kaga's Works	175	0	0	63	112	000.00	000.00	036.00	064.00
Comedy Central	173	52	123	0	0	030.06	071.10	000.00	000.00
Pixiv Comics	173	67	71	28	21	038.73	041.04	016.18	012.14
Warcraft Universe	173	0	0	64	116	000.00	000.00	036.99	067.05
Visual Arts	172	82	38	43	11	047.67	022.09	025.00	006.40
Teletoon	171	72	100	3	13	042.11	058.48	001.75	007.60
Overlap	170	135	36	0	0	079.41	021.18	000.00	000.00
Hanna-Barbera	169	54	115	0	0	031.95	068.05	000.00	000.00
Kurahana Chinatsu's Art	169	13	64	30	78	007.69	037.87	017.75	046.15
Seven	169	105	54	12	3	062.13	031.95	007.10	001.78
Young Animal	169	90	85	0	0	053.25	050.30	000.00	000.00
Kurumadapro	168	34	135	0	0	020.24	080.36	000.00	000.00
Re:Zero Universe	168	70	88	7	5	041.67	052.38	004.17	002.98
Sanrio	168	88	74	29	24	052.38	044.05	017.26	014.29
Disney XD	166	55	114	0	0	033.13	068.67	000.00	000.00
Newgrounds	166	31	56	48	75	018.67	033.73	028.92	045.18
HSverse	165	48	74	28	25	029.09	044.85	016.97	015.15
Smilegate	164	0	0	118	46	000.00	000.00	071.95	028.05
Micro Magazine	163	103	63	15	0	063.19	038.65	009.20	000.00
Touhou Project	163	68	2	149	8	041.72	001.23	091.41	004.91
Key	162	82	38	33	11	050.62	023.46	020.37	006.79
Project No.9	162	82	32	39	20	050.62	019.75	024.07	012.35
Gust Co. Ltd.	161	13	6	111	50	008.07	003.73	068.94	031.06
BioWare	159	4	3	69	94	002.52	001.89	043.40	059.12
Studio Gokumi	159	133	25	20	5	083.65	015.72	012.58	003.14
Archanea	158	0	0	62	98	000.00	000.00	039.24	062.03
Sensitive Content	158	60	44	37	27	037.97	027.85	023.42	017.09
Career Soft	157	0	0	56	101	000.00	000.00	035.67	064.33
Manglobe Inc.	157	83	74	0	0	052.87	047.13	000.00	000.00
Mari Okada's Works	157	99	59	9	0	063.06	037.58	005.73	000.00
Actas	156	143	14	0	0	091.67	008.97	000.00	000.00
GYAO!	155	79	77	0	0	050.97	049.68	000.00	000.00
Point-and-click Adventure Games	155	3	6	67	89	001.94	003.87	043.23	057.42
Take-Two Interactive	154	0	0	48	110	000.00	000.00	031.17	071.43
Takahiro's Works	153	73	21	46	16	047.71	013.73	030.07	010.46
Satoshi Urushihara's Art	152	7	1	50	94	004.61	000.66	032.89	061.84
Saint Seiya Series	150	30	121	0	0	020.00	080.67	000.00	000.00
Zexcs	150	81	68	17	5	054.00	045.33	011.33	003.33
07th Expansion	149	53	32	41	27	035.57	021.48	027.52	018.12
Production IMS	146	130	16	34	0	089.04	010.96	023.29	000.00
The Legend of Heroes	146	0	0	79	70	000.00	000.00	054.11	047.95
Comic Gene	145	50	92	6	8	034.48	063.45	004.14	005.52
Studio Orange	143	85	87	13	3	059.44	060.84	009.09	002.10
Mattel	141	68	73	0	2	048.23	051.77	000.00	001.42
Tsunako's Art	141	58	9	91	14	041.13	006.38	064.54	009.93
Comic Yuri-Hime.	139	136	3	0	0	097.84	002.16	000.00	000.00
Shin Megami Tensei	139	7	14	61	91	005.04	010.07	043.88	065.47
MS Pictures	138	106	2	22	11	076.81	001.45	015.94	007.97
Pokémon Generation 3	138	74	81	38	57	053.62	058.70	027.54	041.30
BUNBUN's Art	137	80	36	20	3	058.39	026.28	014.60	002.19
Kinoko Nasu's Works	137	58	43	53	37	042.34	031.39	038.69	027.01
InuYasha Series	136	58	78	1	0	042.65	057.35	000.74	000.00
Shounen Gahousha	136	70	67	0	0	051.47	049.26	000.00	000.00
Madoka Magica Series	135	55	6	93	1	040.74	004.44	068.89	000.74
Williams Street	135	26	110	0	0	019.26	081.48	000.00	000.00
Yumeta Company	135	48	30	44	34	035.56	022.22	032.59	025.19
CyberConnect2	134	14	20	49	73	010.45	014.93	036.57	054.48
ProjectMoon	134	10	8	74	70	007.46	005.97	055.22	052.24
HAL Laboratory	133	4	4	56	108	003.01	003.01	042.11	081.20
King of Fighters Universe	133	0	0	44	92	000.00	000.00	033.08	069.17
PreCure	133	102	32	0	0	076.69	024.06	000.00	000.00
WOLF RPG Editor Games	132	0	0	68	64	000.00	000.00	051.52	048.48
Daum	131	46	85	0	0	035.11	064.89	000.00	000.00
Haruhara Works	131	29	104	0	0	022.14	079.39	000.00	000.00
Xenoblade	131	0	0	59	75	000.00	000.00	045.04	057.25
Comic ZERO-SUM	130	34	99	0	0	026.15	076.15	000.00	000.00
RPG Maker 2000 Games	130	0	3	79	54	000.00	002.31	060.77	041.54
Touhou Project (Windows Canon)	130	68	2	117	3	052.31	001.54	090.00	002.31
Bomtoon	129	24	105	0	0	018.60	081.40	000.00	000.00
KLab	129	31	24	84	33	024.03	018.60	065.12	025.58
Battle Royale Games	128	0	0	72	64	000.00	000.00	056.25	050.00
Champion RED	128	89	38	1	1	069.53	029.69	000.78	000.78
Pixar Animation Studios	128	38	93	0	0	029.69	072.66	000.00	000.00
Studio Comet	128	45	44	14	25	035.16	034.38	010.94	019.53
Akira Amano's Art	127	38	93	0	0	029.92	073.23	000.00	000.00
KOG Games	127	8	6	71	59	006.30	004.72	055.91	046.46
Microsoft	127	3	2	42	86	002.36	001.57	033.07	067.72
Pokémon Generation 4	127	63	65	53	52	049.61	051.18	041.73	040.94
Manga UP!	126	98	28	0	0	077.78	022.22	000.00	000.00
Tencent Penguin Pictures	126	42	86	0	0	033.33	068.25	000.00	000.00
Stopmotion	125	28	100	0	0	022.40	080.00	000.00	000.00
Comic Strips	124	45	79	0	0	036.29	063.71	000.00	000.00
Danganronpa	124	43	47	40	52	034.68	037.90	032.26	041.94
Gen Urobuchi's Works	124	55	63	6	10	044.35	050.81	004.84	008.06
Love Live!	124	62	8	106	4	050.00	006.45	085.48	003.23
Masaya Games	124	0	0	42	82	000.00	000.00	033.87	066.13
Gentosha	123	55	70	0	0	044.72	056.91	000.00	000.00
Sonic the Hedgehog Series	123	45	58	25	56	036.59	047.15	020.33	045.53
Cardfight!! Vanguard Series	122	60	48	40	31	049.18	039.34	032.79	025.41
Earth Star Entertainment	122	91	31	7	8	074.59	025.41	005.74	006.56
Kamen Rider Series	122	12	112	0	0	009.84	091.80	000.00	000.00
MSPaintAdventures	122	47	84	0	0	038.52	068.85	000.00	000.00
Voltage Inc.	122	0	0	0	122	000.00	000.00	000.00	100.00
Bande Dessinée	121	31	75	10	17	025.62	061.98	008.26	014.05
Battle Royale Genre	121	49	72	0	0	040.50	059.50	000.00	000.00
Fresh TV Inc.	121	56	66	0	0	046.28	054.55	000.00	000.00
Mega Man	121	4	11	5	114	003.31	009.09	004.13	094.21
Shinchosha	121	46	79	0	0	038.02	065.29	000.00	000.00
Spanish Media	121	29	62	13	20	023.97	051.24	010.74	016.53
When They Cry	121	51	32	31	11	042.15	026.45	025.62	009.09
Broccoli	120	45	54	36	22	037.50	045.00	030.00	018.33
Group TAC	120	44	69	3	5	036.67	057.50	002.50	004.17
Happy Elements	120	21	56	25	97	017.50	046.67	020.83	080.83
Pokémon Generation 1	120	62	86	22	30	051.67	071.67	018.33	025.00
Pokémon Generation 8	120	38	44	45	47	031.67	036.67	037.50	039.17
Tatsurou Iwamoto's Art	120	34	24	51	66	028.33	020.00	042.50	055.00
Tezuka Productions	120	43	41	13	23	035.83	034.17	010.83	019.17
Langrisser	119	0	0	41	78	000.00	000.00	034.45	065.55
Valve Corporation	119	8	19	40	79	006.72	015.97	033.61	066.39
Miho Shimogasa's Art	118	71	53	3	2	060.17	044.92	002.54	001.69
Yaegashi Nan's Art	118	31	2	114	4	026.27	001.69	096.61	003.39
Pokémon Generation 7	115	59	55	51	47	051.30	047.83	044.35	040.87
Souls Series	115	0	1	43	82	000.00	000.87	037.39	071.30
Frederator Studios	114	42	73	2	4	036.84	064.04	001.75	003.51
Kuaikan Manhua	114	46	68	0	0	040.35	059.65	000.00	000.00
NetEase Games	113	0	0	41	73	000.00	000.00	036.28	064.60
Discovery Family	112	87	27	2	0	077.68	024.11	001.79	000.00
Kaginado	112	66	28	12	8	058.93	025.00	010.71	007.14
Pokémon Generation 5	112	54	72	39	47	048.21	064.29	034.82	041.96
Ryohgo Narita's Works	112	48	68	1	1	042.86	060.71	000.89	000.89
South Korean Animation	112	25	43	30	32	022.32	038.39	026.79	028.57
Atsushi Ohkubo's Works	111	44	71	0	0	039.64	063.96	000.00	000.00
DeNA	111	7	17	54	49	006.31	015.32	048.65	044.14
Ikémen Series	111	0	0	1	110	000.00	000.00	000.90	099.10
Inti Creates	111	1	1	57	55	000.90	000.90	051.35	049.55
Rance	111	9	1	93	20	008.11	000.90	083.78	018.02
Twitch	111	34	78	0	3	030.63	070.27	000.00	002.70
Warriors Series	111	0	0	41	72	000.00	000.00	036.94	064.86
Bunnywalker	110	100	1	9	0	090.91	000.91	008.18	000.00
Hi-Rez Studios	110	0	0	58	53	000.00	000.00	052.73	048.18
Elibe Series	109	0	0	41	71	000.00	000.00	037.61	065.14
REDICE STUDIO	109	41	70	0	0	037.61	064.22	000.00	000.00
Shin-Ei Animation	109	49	62	2	1	044.95	056.88	001.83	000.92
Virtual Pets	109	28	13	37	42	025.69	011.93	033.94	038.53
Rejet	108	8	77	1	31	007.41	071.30	000.93	028.70
Sonic Team	108	9	21	45	77	008.33	019.44	041.67	071.30
Total Drama	108	49	60	0	0	045.37	055.56	000.00	000.00
Comico	107	42	68	0	0	039.25	063.55	000.00	000.00
LEGO	107	29	71	2	14	027.10	066.36	001.87	013.08
Sherlock Holmes and Pastiches	107	7	31	22	49	006.54	028.97	020.56	045.79
BBC	106	47	64	0	0	044.34	060.38	000.00	000.00
Disney Princess Films	106	36	72	1	0	033.96	067.92	000.94	000.00
Hiromu Arakawa's Works	106	37	71	1	0	034.91	066.98	000.94	000.00
Mangatoon	106	52	54	0	0	049.06	050.94	000.00	000.00
Pokémon Generation 6	106	54	43	48	37	050.94	040.57	045.28	034.91
Sanzigen	106	79	20	45	3	074.53	018.87	042.45	002.83
COVER Corporation	105	82	33	0	0	078.10	031.43	000.00	000.00
Nomad	105	79	25	13	4	075.24	023.81	012.38	003.81
Comic REX	104	73	17	23	9	070.19	016.35	022.12	008.65
LaLa	104	35	68	5	25	033.65	065.38	004.81	024.04
Rising Star Games	104	0	0	69	35	000.00	000.00	066.35	033.65
Studio 3Hz	104	44	52	1	39	042.31	050.00	000.96	037.50
Yuki Tabata's Works	104	41	66	0	0	039.42	063.46	000.00	000.00
Hal Film Maker	103	65	39	0	0	063.11	037.86	000.00	000.00
Matrix Software	103	0	0	48	62	000.00	000.00	046.60	060.19
SB Creative Corp.	103	84	19	0	0	081.55	018.45	000.00	000.00
Yakuza Series	103	0	0	25	78	000.00	000.00	024.27	075.73
Ankama	102	33	50	18	28	032.35	049.02	017.65	027.45
Kitty Films	102	43	59	0	0	042.16	057.84	000.00	000.00
Science Adventure	102	30	17	30	26	029.41	016.67	029.41	025.49
Yusuke Murata's Art	101	16	85	1	1	015.84	084.16	000.99	000.99
Big Comic Spirits	100	34	66	0	0	034.00	066.00	000.00	000.00
Black Clover Series	100	38	64	1	0	038.00	064.00	001.00	000.00
DiC	100	43	57	4	4	043.00	057.00	004.00	004.00
Dragon Quest	100	4	16	34	48	004.00	016.00	034.00	048.00
Futanari	100	34	2	60	8	034.00	002.00	060.00	008.00
Medical Genre	99	34	39	13	13	034.34	039.39	013.13	013.13
ONE's Works	99	19	80	0	0	019.19	080.81	000.00	000.00
Senran Kagura	98	31	2	95	3	031.63	002.04	096.94	003.06
Wizards of the Coast	98	6	4	56	49	006.12	004.08	057.14	050.00
Atelier	97	13	6	62	35	013.40	006.19	063.92	036.08
Beyblade Series	97	13	84	2	3	013.40	086.60	002.06	003.09
Fruitbat Factory	97	0	0	73	28	000.00	000.00	075.26	028.87
Image Comics	97	32	65	1	2	032.99	067.01	001.03	002.06
My Little Pony	97	82	15	0	0	084.54	015.46	000.00	000.00
Web Novels	97	34	64	0	0	035.05	065.98	000.00	000.00
Kinu Nishimura's Art	96	12	7	28	52	012.50	007.29	029.17	054.17
Shall we Date?	96	0	7	2	94	000.00	007.29	002.08	097.92
Sword Art Online Series	96	45	32	17	3	046.88	033.33	017.71	003.13
Vicarious Visions	95	1	3	16	79	001.05	003.16	016.84	083.16
Dimps	94	19	26	32	61	020.21	027.66	034.04	064.89
Leaf	94	38	23	58	20	040.43	024.47	061.70	021.28
MapleStory Series	94	1	1	50	53	001.06	001.06	053.19	056.38
Reki Kawahara's Works	93	58	36	0	0	062.37	038.71	000.00	000.00
Street Fighter Shared Universe	93	0	0	33	61	000.00	000.00	035.48	065.59
Gosho Works	92	32	60	0	0	034.78	065.22	000.00	000.00
Jugdral Series	92	0	0	38	54	000.00	000.00	041.30	058.70
Katsumi Enami's Art	92	28	20	26	18	030.43	021.74	028.26	019.57
Kirby	91	3	8	37	70	003.30	008.79	040.66	076.92
Shuka	91	34	58	0	0	037.36	063.74	000.00	000.00
The Elder Scrolls	91	0	0	51	67	000.00	000.00	056.04	073.63
A・C・G・T	90	52	10	15	15	057.78	011.11	016.67	016.67
Bee Train	90	44	47	10	17	048.89	052.22	011.11	018.89
Bessatsu Margaret	90	45	45	0	0	050.00	050.00	000.00	000.00
C2C	90	80	10	8	0	088.89	011.11	008.89	000.00
Cloud22	90	59	12	44	13	065.56	013.33	048.89	014.44
Miwashibundle	90	8	6	34	42	008.89	006.67	037.78	046.67
Toboso Yana's Works	90	16	44	2	30	017.78	048.89	002.22	033.33
Warriors Orochi Series	90	0	0	30	60	000.00	000.00	033.33	066.67
DanMachi Series	89	53	23	10	4	059.55	025.84	011.24	004.49
Fujino Omori's Works	89	54	24	8	4	060.67	026.97	008.99	004.49
Kagura Games	89	10	0	85	3	011.24	000.00	095.51	003.37
Paper Mario	89	0	0	40	60	000.00	000.00	044.94	067.42
Yostar Games	89	0	0	89	0	000.00	000.00	100.00	000.00
Matt Groening's Works	88	20	68	0	0	022.73	077.27	000.00	000.00
Nanatsu no Taizai Series	88	27	56	6	1	030.68	063.64	006.82	001.14
Sui Ishida's Works	88	35	48	2	5	039.77	054.55	002.27	005.68
Comic Meteor	87	72	16	0	0	082.76	018.39	000.00	000.00
Imageepoch	87	14	9	61	26	016.09	010.34	070.11	029.89
Lilith Soft	87	24	1	68	3	027.59	001.15	078.16	003.45
Ribon	87	50	37	0	0	057.47	042.53	000.00	000.00
Takehito Harada's Art	87	11	5	47	37	012.64	005.75	054.02	042.53
The King of Fighters	87	0	0	32	58	000.00	000.00	036.78	066.67
Rune Factory Series	86	0	0	61	25	000.00	000.00	070.93	029.07
Tower Defense Games	86	1	1	69	23	001.16	001.16	080.23	026.74
Ys Series	86	5	9	44	42	005.81	010.47	051.16	048.84
Amazon Originals	85	33	54	1	1	038.82	063.53	001.18	001.18
Comic Gardo	84	66	18	0	0	078.57	021.43	000.00	000.00
Spyro Multiverse	84	1	2	19	65	001.19	002.38	022.62	077.38
Tellius Series	84	0	0	32	53	000.00	000.00	038.10	063.10
Tencent Games	84	0	0	62	23	000.00	000.00	073.81	027.38
Toptoon	84	77	7	0	0	091.67	008.33	000.00	000.00
Detective Conan Series	83	29	54	0	0	034.94	065.06	000.00	000.00
GoHands	83	33	50	0	0	039.76	060.24	000.00	000.00
Hideo Kojima	83	0	0	25	60	000.00	000.00	030.12	072.29
Aikatsu! Series	82	71	11	68	8	086.59	013.41	082.93	009.76
Comic Ryu	82	74	8	0	0	090.24	009.76	000.00	000.00
Hiveworks Comics	82	44	42	0	0	053.66	051.22	000.00	000.00
NAZ	82	36	43	1	2	043.90	052.44	001.22	002.44
Paper Games	82	0	0	45	38	000.00	000.00	054.88	046.34
Tensei shitara Slime Datta Ken Series	82	37	47	1	0	045.12	057.32	001.22	000.00
Bilibili	81	39	42	0	0	048.15	051.85	000.00	000.00
Frontwing	81	25	9	42	6	030.86	011.11	051.85	007.41
Hyperdimension Neptunia Series	81	26	3	75	6	032.10	003.70	092.59	007.41
Masters of the Universe Franchise	81	25	58	0	0	030.86	071.60	000.00	000.00
Studio Ghibli	81	41	41	0	0	050.62	050.62	000.00	000.00
Wrestling	81	14	67	0	0	017.28	082.72	000.00	000.00
Avatar Series	80	34	45	0	1	042.50	056.25	000.00	001.25
BanG Dream! Franchise	80	41	16	44	29	051.25	020.00	055.00	036.25
CD Projekt Red	80	15	17	33	44	018.75	021.25	041.25	055.00
Grasshopper Manufacture	80	1	0	28	51	001.25	000.00	035.00	063.75
Mortal Kombat	80	0	0	23	58	000.00	000.00	028.75	072.50
Studio Mir	80	34	46	0	1	042.50	057.50	000.00	001.25
Krosmoz	79	21	39	18	28	026.58	049.37	022.78	035.44
Ohtaka Shinobu's Works	79	31	48	0	0	039.24	060.76	000.00	000.00
BlazBlue Series	78	28	24	43	34	035.90	030.77	055.13	043.59
PBS Kids	78	20	63	0	0	025.64	080.77	000.00	000.00
Production Reed	78	46	32	0	1	058.97	041.03	000.00	001.28
so-bin's Art	78	38	35	2	5	048.72	044.87	002.56	006.41
Kentaro Yabuki's Art	77	47	30	0	0	061.04	038.96	000.00	000.00
Midway Games	77	0	0	20	57	000.00	000.00	025.97	074.03
Pokémon Generation 2	77	49	53	18	30	063.64	068.83	023.38	038.96
Pretty Series	77	58	20	56	16	075.32	025.97	072.73	020.78